dist=[0,8,27,53,76,87,96,108,125,149,169,187,213,245,268,289,313,332,345,362,388,420,448,479,511,543,575,607,634,660,679,691,702,717,741,772,795,815,838,858,877,900,925,942,955,963,970,976,989,1012,1032,1046,1051,1053,1054,1056,1063,1080,1102,1128,1150,1160,1168,1185,1205,1224,1243,1262,1279,1291,1302,1318,1338,1362,1390,1422,1450,1476,1496,1509,1520,1531,1546,1564,1581,1596,1610,1625,1645,1668,1689,1711,1736,1758,1778,1802,1833,1861,1885,1911,1939,1969,1996,2015,2022,2028,2043,2066,2091,2113,2138,2169,2197,2217,2230,2241,2256,2280,2306,2329,2355,2382,2405,2426,2445,2462,2480,2504,2532,2559,2582,2607,2632,2648,2658,2668,2683,2707,2731,2755,2785,2813,2838,2860,2884,2911,2938,2967,2990,3004,3010,3017,3034,3051,3068,3093,3115,3135,3163,3186,3202,3222,3247,3275,3304,3331,3360,3387,3411,3433,3453,3471,3493,3522,3545,3556,3568,3590,3619,3647,3666,3677,3686,3695,3703,3715,3736,3764,3792,3816,3837,3857,3878,3900,3924,3956,3983,4009,4035,4053,4060,4071,4087,4095,4098,4109,4134,4163,4194,4222,4247,4270,4291,4312];
x=1:195;
da=[380,280,190,260,340,410,320,220,220,120,20,1,61,201,201,271,371,451,401,361,301,201,101,1,1,1,1,41,1,1,31,51,1,1,1,131,121,151,231,291,201,141,171,111,191,211,301,301,201,121,21,1,11,171,181,281,341,441,341,371,431,421,381,291,201,101,21,21,1,1,101,1,1,1,1,191,291,231,291,231,311,271,181,181,81,31,1,41,1,1,201,301,401,491,461,411,371,331,301,221,131,101,1,1,111,11,1,81,71,201,241,341,391,291,191,91,111,11,1,1,1,1,1,1,1,111,211,171,91,101,61,201,151,251,281,351,451,411,471,411,371,331,231,251,151,111,11,1,71,201,301,261,171,261,161,61,1,1,181,81,41,11,1,201,301,291,201,291,371,281,331,311,281,261,241,221,221,181,141,71,101,171,211,141,181,81,1,1,11,1,1,1,91,31,171,71,101,1,151,51,141,241,311,211,301,371,271,181,281,191,221,321,221,121];
%plot(dist,da)
po=[620,520,420,350,250,150,50,31,31,161,261,221,191,271,191,271,191,271,191,271,191,271,191,271,191,291,251,151,51,191,91,191,91,191,91,191,91,191,91,191,91,191,91,191,91,191,91,191,91,191,91,191,91,191,91,191,91,191,91,191,91,191,91,191,91,191,91,191,91,191,91,191,91,191,91,191,91,191,91,191,91,191,91,191,91,191,91,191,91,191,91,191,91,191,91,191,91,191,91,191,91,191,91,191,91,191,91,201,261,311,211,191,271,191,271,191,271,191,271,191,271,191,271,191,271,191,271,191,271,191,271,191,271,191,291,251,151,51,191,91,191,91,191,91,191,91,191,91,191,91,191,91,191,91,191,91,191,91,191,91,191,91,191,91,191,91,191,91,191,91,191,91,191,91,191,91,191,91,191,91,191,91,191,91,191,91,191,91,191,91,191,91,191,91,191,91,191,91,191,91,191,91,191,91,191,91,191,91,191,91,201,261,311,211,191,271,191,271,191,271,191,271,191,271,191,271,191,271,191,271,191,271,191,271,191,291,251,151,51,191,91,191,91,191,91,191,91,191,91,191,91,191,91,191,91,191,91,191,91,191,91,191,91,191,91,191,91,191,91,191,91,191,91,191,91,191,91,191,91,191,91,191,91,191,91,191,91,191,91,191,91,191,91,191,91,191,91,191,91,191,91,191,91,191,91,191,91,191,91,201,281,271,191,271,191,271,191,271,191,271,191,271,191,271,191,271,191,271,191,271,191,271,191,291,251,151,51,191,91,191,91,191,91,191,91,191,91,191,91,191,91,191,91,191,91,191,91,191,91,191,91,191,91,191,91,191,91,191,91,191,91,191,91,191,91,191,91,191,91,191,91,191,91,191,91,191,91,191,91,191,91,191,91,191,91,191,91,191,91,201,261,301,201,231,231,231,231,231,231,231,231,231,231,231,231,231,231,231,231,231,231,231,231,231,231,231,161,131,131,221,181,181,191,91,1,61,1,171,111,101,41,41,41,31,81,81,81,81,81,81,201,301,381,381,371,271,251,191,191,191,191,191,191,191,191,191,191,191,191,191,191,191,191,191,191,191,191,191,191,191,191,191,191,191,191,191,121,21,11,11,1,1,1,1,1,1,1,1];

d2=[0,10,33,63,95,123,148,166,183,209,241,273,305,328,343,362,389,421,449,479,511,543,575,607,635,662,686,705,727,753,779,798,816,837,856,874,895,919,944,968,987,1002,1016,1029,1046,1062,1080,1103,1129,1151,1160,1167,1178,1190,1201,1212,1225,1242,1261,1278,1295,1310,1324,1344,1367,1392,1424,1451,1474,1497,1520,1539,1561,1585,1607,1626,1647,1669,1689,1711,1736,1759,1779,1803,1833,1861,1885,1911,1939,1969,1997,2016,2024,2034,2056,2077,2098,2121,2147,2176,2202,2230,2257,2285,2313,2342,2370,2394,2416,2435,2453,2470,2491,2517,2544,2568,2590,2615,2644,2675,2707,2732,2756,2785,2813,2838,2860,2884,2911,2938,2967,2990,3004,3010,3020,3043,3069,3090,3108,3126,3138,3152,3175,3198,3221,3247,3275,3304,3331,3360,3387,3411,3433,3453,3471,3494,3521,3541,3559,3586,3609,3625,3640,3657,3681,3707,3735,3767,3793,3810,3825,3843,3864,3890,3914,3929,3943,3962,3980,3996,4015,4042,4065,4085,4113,4143,4168,4188,4207,4225,4240,4256,4275,4292,4312];

di=[0,4,10,16,22,27,31,35,38,40,41,43,46,49,52,55,58,61,64,67,70,73,76,79,82,85,88,91,94,96,98,100,102,104,106,108,110,112,114,116,118,120,122,124,126,128,130,132,134,136,138,140,142,144,146,148,150,152,154,156,158,160,162,164,166,168,170,172,174,176,178,180,182,184,186,188,190,192,194,196,198,200,202,204,206,208,210,212,214,216,218,220,222,224,226,228,230,232,234,236,238,240,242,244,246,248,250,252,254,256,259,262,265,268,271,274,277,280,283,286,289,292,295,298,301,304,307,310,313,316,319,322,325,328,331,334,337,340,342,344,346,348,350,352,354,356,358,360,362,364,366,368,370,372,374,376,378,380,382,384,386,388,390,392,394,396,398,400,402,404,406,408,410,412,414,416,418,420,422,424,426,428,430,432,434,436,438,440,442,444,446,448,450,452,454,456,458,460,462,464,466,468,470,472,474,476,478,480,482,484,486,488,490,493,496,499,502,505,508,511,514,517,520,523,526,529,532,535,538,541,544,547,550,553,556,559,562,565,568,570,572,574,576,578,580,582,584,586,588,590,592,594,596,598,600,602,604,606,608,610,612,614,616,618,620,622,624,626,628,630,632,634,636,638,640,642,644,646,648,650,652,654,656,658,660,662,664,666,668,670,672,674,676,678,680,682,684,686,688,690,692,694,696,698,700,702,704,706,708,710,712,714,717,720,723,726,729,732,735,738,741,744,747,750,753,756,759,762,765,768,771,774,777,780,783,786,789,791,793,795,797,799,801,803,805,807,809,811,813,815,817,819,821,823,825,827,829,831,833,835,837,839,841,843,845,847,849,851,853,855,857,859,861,863,865,867,869,871,873,875,877,879,881,883,885,887,889,891,893,895,897,899,901,903,905,907,909,911,913,915,917,919,922,925,928,931,934,937,940,943,946,949,952,955,958,961,964,967,970,973,976,979,982,985,988,991,994,996,998,1000,1004,1011,1019,1028,1038,1048,1059,1070,1082,1094,1107,1120,1133,1146,1160,1174,1188,1202,1216,1230,1244,1258,1273,1288,1303,1318,1333,1348,1364,1380,1396,1412,1428,1444,1460,1476,1492,1508,1524,1540,1556,1572,1588,1604,1620,1636,1652,1668,1684,1700,1716,1732,1748,1764,1780,1796,1812,1827,1842,1857,1872,1887,1902,1917,1932,1947,1962,1977];

ppo=[850 14 161 211 271 321 371 271 231 311 301 291 321 321 321 321 321 321 321 321 321 321 321 321 321 321 321 314 393 11 191 291 321 381 441 344 244 314 314 314 314 314 314 319 380 21 191 291 391 461 362 283 323 295 314 373 31 191 291 391 461 371 277 297 317 314 363 31 191 291 321 381 441 343 244 314 314 314 314 314 324 314 363 31 191 291 321 381 441 343 244 314 314 314 314 314 314 320 369 31 191 291 341 371 441 343 244 314 314 314 314 314 321 368 31 191 291 321 381 421 331 301 291 321 321 331 314 363 31 191 291 321 381 441 342 244 314 314 314 314 314 314 320 369 31 191 291 341 371 441 343 244 314 314 314 314 314 321 368 31 191 291 341 371 441 342 244 314 314 314 314 314 321 318 321 228 148 188 288 298 398 428 334 274 314 314 314 314 314 318 371 31 191 291 321 381 441 344 254 314 314 314 314 314 314 373 31 191 291 321 381 441 342 245 315 315 315 315 315 321 368 31 191 291 321 381 441 341 245 315 315 315 315 315 321 368 41 191 291 321 381 441 343 245 315 315 315 325 317 371 41 191 291 321 381 441 342 244 314 314 314 314 314 321 328 314 303 299 302 260 270 220 260 210 300 250 350 410 410 366 290 267 247 277 307 387 336 269 340 276 316 271 339 267 332 281 312 264 353 268 321 268 341 255 349 260 336 268 331 282 312 263 354 268 320 259 356 256 339 267 331 282 312 264 353 268 321 278 324 277 325 225 125];


